65
7
5
31
14
7
80
63
83
75
5
45
26
26
26
23
97
39
14
53
9
98
38
86
46
97
77
33
1
79
22
88
61
50
56
99
17
4
47
99
50
96
19
52
47
79
83
88
37
97
94
10
74
40
43
29
22
43
43
50
96
10
6
18
47
20
22
92
55
19
36
57
72
65
73
58
61
2
79
58
58
5
33
30
36
48
79
1
94
71
36
13
100
62
33
59
92
23
25
40
79
4
69
62
14
2
89
20
34
10
15
75
48
72
93
61
5
70
45
22
26
57
15
18
26
32
59
31
28
50
71
8
30
61
10
73
73
13
71
70
55
34
27
59
28
12
41
66
93
77
63
23
7
30
32
15
21
86
87
91
12
58
39
40
94
22
10
60
74
48
25
72
74
31
18
18
80
11
70
44
23
74
71
94
70
43
58
49
8
5
61
96
44
46
90
53
27
26
76
18
100
28
12
23
50
75
2
29
17
23
21
70
98
58
99
1
85
70
2
57
50
70
7
3
91
6
93
46
16
48
89
51
27
30
94
2
92
36
47
44
24
28
19
83
69
59
22
40
97
20
60
41
30
36
70
79
45
90
82
56
99
23
99
68
2
54
15
71
96
18
85
23
47
11
84
51
22
23
50
20
12
64
12
63
89
49
47
51
99
22
68
38
6
11
13
4
24
51
72
55
16
57
21
78
42
3
38
72
6
56
40
94
96
55
89
66
40
24
69
75
84
72
94
4
70
70
55
33
62
90
52
17
96
12
84
39
18
38
62
59
38
92
22
92
19
6
52
73
94
68
39
54
41
14
78
47
83
31
44
85
44
10
53
44
90
43
98
55
73
83
71
42
46
39
88
21
98
17
70
47
71
36
94
35
25
77
88
31
28
22
70
24
29
61
3
54
24
92
1
93
23
79
74
42
75
24
93
23
91
67
27
45
83
43
97
63
98
78
57
13
50
19
62
35
50
37
27
90
7
56
74
21
95
31
49
92
43
31
67
20
14
51
73
23
17
26
69
56
57
46
24
75
67
12
8
100
18
25
97
11
82
80
4
5
63
75
91
45
61
20
99
23
56
67
73
19
58
55
79
93
78
83
13
24
34
4
91
35
85
9
37
2
1
90
48
80
97
27
96
91
67
1
34
3
74
70
27
70
22
46
86
76
16
77
27
20
36
48
87
32
7
9
24
100
21
37
64
14
32
95
14
57
27
88
81
6
15
85
28
61
14
17
81
49
98
66
37
94
90
36
99
54
36
55
47
25
63
25
73
40
53
30
13
12
78
14
34
12
38
20
76
73
74
36
80
38
84
76
75
15
78
98
70
65
59
4
26
75
76
88
93
56
53
64
45
71
99
56
22
87
66
94
12
61
86
96
14
10
71
41
15
42
2
65
63
11
7
59
39
52
55
67
62
31
86
4
84
10
1
74
54
76
84
41
30
25
55
57
39
32
21
52
65
22
16
97
99
65
83
11
72
69
12
64
85
88
31
52
7
68
15
64
1
7
66
20
91
1
51
3
91
71
68
21
80
74
23
20
100
50
84
2
30
43
14
68
46
23
97
2
32
36
94
75
49
53
75
44
94
82
12
80
96
99
17
68
6
39
26
57
54
47
42
49
15
10
62
44
63
60
91
89
99
4
68
82
47
77
81
6
88
19
7
68
48
97
33
26
66
30
99
64
31
26
68
78
87
78
46
23
51
40
90
33
93
30
79
35
24
20
94
26
43
45
67
53
74
37
15
69
93
26
52
35
40
67
41
32
35
74
74
15
39
44
12
16
89
67
55
8
1
19
39
67
25
12
10
80
16
49
96
27
21
58
69
97
11
29
74
6
11
69
65
21
54
75
16
77
70
66
98
97
1
28
61
50
86
73
44
93
99
63
6
6
21
71
17
25
36
47
86
4
4
78
77
6
85
61
32
47
83
48
84
5
33
88
83
61
80
61
19
61
76
60
91
72
77
52
56
66
48
1
4
94
54
86
86
95
69
43
91
50
40
46
59
75
98
62
19
93
76
4
94
39
71
17
76
41
23
75
30
68
87
55
37
45
59
78
7
44
92
37
46
17
20
37
76
46
48
33
76
17
92
96
32
18
84
70
87
91
53
92
7
18
35
9
6
59
48
60
77
62
35
88
42
92
28
93
30
25
15
83
26
1
16
70
17
11
96
95
54
46
31
42
68
79
4
23
63
100
9
44
21
44
49
42
92
77
80
36
15
32
86
10
66
31
47
97
76
75
55
44
79
84
45
87
94
62
9
5
